int[] plataforma_celular_map[2500] = {
3, 3, 3, 3, 3, 3, 3, 3, 3, 3, 3, 3, 3, 3, 3, 3, 
3, 3, 3, 3, 3, 3, 3, 3, 3, 3, 3, 3, 3, 3, 3, 3, 
3, 3, 3, 3, 3, 3, 3, 3, 3, 3, 3, 3, 3, 3, 3, 3, 
3, 3, 3, 3, 3, 3, 3, 3, 3, 3, 3, 3, 3, 3, 3, 3, 
3, 3, 3, 3, 3, 3, 3, 3, 3, 3, 3, 3, 3, 3, 3, 3, 
3, 3, 3, 3, 3, 3, 3, 3, 3, 3, 3, 3, 3, 3, 3, 3, 
3, 3, 3, 3,
3, 3, 3, 3, 3, 3, 3, 3, 3, 3, 3, 3, 3, 3, 3, 3, 
3, 3, 3, 3, 3, 3, 3, 3, 3, 3, 3, 3, 3, 3, 3, 3, 
3, 3, 3, 3, 3, 3, 3, 3, 3, 3, 3, 3, 3, 3, 3, 3, 
3, 3, 3, 3, 3, 3, 3, 3, 3, 3, 3, 3, 3, 3, 3, 3, 
3, 3, 3, 3, 3, 8, 3, 3, 3, 3, 3, 3, 3, 3, 3, 3, 
3, 3, 3, 3, 3, 3, 3, 3, 3, 3, 3, 3, 4, 7, 3, 3, 
3, 3, 3, 3,
3, 3, 3, 3, 3, 3, 3, 3, 3, 3, 3, 3, 3, 3, 3, 3, 
3, 3, 3, 3, 3, 3, 3, 3, 3, 3, 3, 3, 3, 3, 3, 3, 
3, 3, 3, 3, 3, 3, 3, 3, 3, 3, 3, 3, 3, 3, 3, 3, 
3, 3, 3, 3, 3, 3, 3, 3, 3, 3, 3, 3, 3, 3, 3, 3, 
3, 3, 3, 3, 3, 3, 3, 3, 3, 3, 3, 3, 3, 3, 3, 3, 
3, 3, 3, 3, 3, 8, 3, 3, 3, 3, 3, 3, 3, 3, 3, 3, 
3, 3, 3, 3,
3, 3, 3, 3, 3, 3, 3, 3, 3, 3, 3, 3, 3, 3, 8, 3, 
3, 3, 3, 3, 3, 3, 3, 3, 3, 3, 3, 3, 3, 3, 3, 3, 
3, 9, 3, 3, 3, 3, 3, 3, 3, 3, 3, 3, 3, 3, 3, 3, 
3, 3, 3, 3, 3, 3, 3, 3, 3, 3, 3, 3, 3, 3, 3, 3, 
3, 3, 3, 3, 3, 3, 3, 3, 3, 3, 3, 3, 3, 3, 3, 3, 
3, 3, 3, 3, 3, 3, 3, 3, 3, 3, 3, 3, 3, 3, 3, 3, 
3, 3, 3, 3,
3, 3, 3, 3, 3, 4, 7, 3, 3, 3, 3, 3, 3, 3, 3, 3, 
3, 3, 3, 3, 3, 6, 7, 3, 3, 3, 3, 3, 3, 3, 3, 3, 
3, 3, 3, 3, 3, 3, 3, 3, 3, 3, 3, 3, 3, 3, 3, 3, 
3, 3, 3, 3, 3, 3, 3, 3, 3, 3, 3, 3, 3, 3, 3, 3, 
3, 3, 3, 3, 3, 3, 3, 3, 3, 3, 3, 3, 3, 3, 3, 3, 
3, 3, 3, 3, 3, 3, 3, 3, 3, 3, 3, 3, 3, 3, 3, 3, 
3, 3, 3, 3,
3, 3, 3, 3, 3, 3, 3, 3, 3, 3, 3, 3, 3, 3, 3, 3, 
3, 3, 3, 3, 3, 3, 3, 3, 3, 3, 3, 3, 3, 3, 3, 3, 
3, 3, 3, 3, 3, 3, 3, 3, 3, 3, 3, 3, 3, 3, 3, 3, 
3, 3, 3, 3, 3, 3, 3, 3, 3, 3, 3, 3, 3, 3, 3, 3, 
3, 3, 3, 3, 3, 3, 3, 3, 3, 3, 3, 3, 6, 5, 3, 3, 
3, 3, 3, 3, 3, 3, 3, 3, 3, 3, 3, 3, 3, 3, 3, 3, 
3, 3, 3, 3,
3, 3, 3, 3, 3, 3, 3, 3, 3, 3, 3, 3, 3, 3, 3, 3, 
3, 3, 3, 3, 3, 3, 3, 3, 3, 3, 3, 3, 3, 3, 2, 2, 
3, 3, 2, 3, 2, 3, 3, 2, 2, 3, 3, 3, 3, 2, 2, 3, 
3, 2, 2, 3, 3, 3, 3, 3, 3, 3, 3, 9, 3, 3, 3, 3, 
3, 3, 3, 3, 3, 3, 3, 3, 3, 3, 3, 3, 3, 3, 3, 3, 
3, 3, 3, 3, 3, 3, 3, 3, 3, 6, 7, 3, 3, 3, 3, 3, 
3, 3, 3, 3,
3, 3, 3, 3, 3, 3, 3, 3, 3, 3, 3, 3, 3, 3, 3, 3, 
3, 3, 3, 3, 3, 3, 3, 3, 3, 3, 3, 2, 2, 3, 2, 3, 
2, 3, 2, 3, 2, 3, 2, 3, 3, 3, 3, 3, 3, 2, 3, 2, 
3, 2, 3, 2, 3, 3, 3, 3, 3, 3, 3, 3, 3, 3, 3, 3, 
3, 3, 3, 3, 3, 3, 3, 3, 3, 3, 3, 3, 3, 3, 3, 11, 
12, 3, 3, 3, 3, 3, 3, 3, 3, 3, 3, 3, 3, 3, 3, 3, 
3, 3, 3, 3,
3, 3, 3, 3, 3, 3, 3, 3, 3, 3, 3, 3, 3, 3, 2, 3, 
3, 3, 3, 3, 3, 3, 3, 3, 3, 3, 3, 3, 3, 3, 2, 2, 
3, 3, 2, 3, 2, 3, 2, 3, 3, 3, 6, 7, 3, 2, 2, 3, 
3, 2, 2, 3, 3, 3, 3, 3, 3, 3, 3, 3, 3, 3, 3, 3, 
3, 3, 3, 3, 3, 3, 3, 3, 3, 3, 3, 3, 3, 3, 11, 13, 
13, 12, 3, 3, 3, 3, 3, 3, 3, 3, 3, 3, 3, 3, 3, 3, 
3, 3, 3, 3,
3, 3, 3, 3, 3, 3, 3, 3, 3, 3, 3, 3, 3, 3, 3, 3, 
3, 3, 3, 3, 3, 3, 3, 3, 3, 3, 3, 3, 3, 3, 2, 3, 
3, 3, 2, 3, 2, 3, 2, 3, 3, 3, 3, 3, 3, 2, 3, 3, 
3, 2, 3, 2, 3, 3, 3, 3, 3, 3, 3, 3, 3, 3, 3, 3, 
3, 3, 3, 3, 3, 3, 3, 3, 3, 3, 3, 3, 3, 11, 13, 13, 
13, 13, 12, 3, 3, 3, 3, 3, 3, 3, 3, 3, 3, 3, 3, 3, 
3, 3, 3, 3,
3, 3, 3, 3, 3, 3, 3, 3, 3, 3, 3, 3, 3, 3, 3, 3, 
3, 3, 3, 3, 3, 3, 3, 2, 2, 2, 3, 3, 3, 3, 2, 3, 
3, 3, 3, 2, 3, 3, 3, 2, 2, 3, 3, 3, 3, 2, 3, 3, 
3, 2, 3, 2, 3, 3, 3, 3, 3, 3, 3, 3, 3, 3, 3, 3, 
3, 3, 3, 3, 3, 3, 3, 3, 3, 3, 3, 3, 11, 13, 13, 13, 
13, 13, 13, 12, 3, 3, 3, 3, 3, 3, 3, 3, 3, 3, 3, 3, 
8, 3, 3, 3,
3, 3, 3, 3, 3, 3, 3, 3, 3, 3, 3, 3, 3, 3, 3, 3, 
3, 3, 3, 3, 3, 3, 3, 3, 3, 3, 3, 6, 5, 3, 3, 3, 
3, 3, 3, 3, 3, 3, 3, 3, 3, 3, 3, 3, 3, 3, 3, 3, 
3, 3, 3, 3, 3, 3, 3, 3, 3, 3, 3, 3, 3, 3, 3, 3, 
3, 3, 3, 3, 3, 3, 3, 3, 3, 3, 3, 11, 13, 13, 13, 13, 
13, 13, 13, 13, 12, 3, 3, 3, 3, 3, 3, 3, 3, 3, 3, 3, 
3, 3, 3, 3,
3, 3, 3, 3, 3, 3, 3, 3, 3, 3, 3, 3, 3, 3, 3, 3, 
3, 3, 3, 3, 3, 3, 3, 3, 3, 3, 3, 3, 3, 3, 3, 3, 
3, 3, 3, 3, 3, 3, 3, 3, 3, 3, 3, 3, 3, 3, 3, 3, 
3, 3, 3, 3, 3, 9, 3, 3, 3, 3, 3, 3, 3, 3, 3, 3, 
3, 3, 3, 3, 3, 3, 3, 3, 3, 3, 11, 13, 13, 13, 13, 13, 
13, 13, 13, 13, 13, 12, 3, 3, 3, 3, 3, 3, 3, 3, 3, 3, 
3, 3, 3, 3,
3, 3, 3, 3, 3, 3, 3, 3, 3, 3, 3, 3, 3, 2, 2, 2, 
3, 3, 3, 2, 2, 2, 2, 3, 3, 3, 3, 3, 3, 3, 3, 3, 
3, 3, 3, 3, 3, 11, 12, 3, 3, 3, 3, 3, 3, 3, 3, 3, 
3, 3, 3, 3, 3, 3, 3, 3, 3, 3, 3, 3, 3, 3, 3, 3, 
3, 3, 3, 3, 3, 3, 3, 3, 3, 11, 13, 13, 13, 13, 13, 13, 
13, 13, 13, 13, 13, 13, 12, 3, 3, 3, 3, 3, 3, 3, 3, 3, 
3, 3, 3, 3,
3, 3, 3, 3, 3, 3, 3, 3, 3, 3, 3, 3, 3, 3, 3, 3, 
3, 3, 3, 3, 3, 3, 3, 3, 3, 3, 3, 3, 3, 3, 3, 3, 
3, 3, 3, 3, 11, 13, 13, 12, 3, 3, 3, 3, 3, 3, 3, 11, 
12, 3, 3, 3, 3, 3, 3, 3, 3, 3, 3, 3, 3, 3, 3, 3, 
3, 3, 3, 3, 3, 3, 3, 3, 11, 13, 13, 13, 13, 13, 13, 13, 
13, 13, 13, 13, 13, 13, 13, 12, 3, 3, 3, 3, 3, 3, 3, 3, 
3, 3, 3, 3,
3, 3, 3, 3, 3, 3, 3, 3, 3, 3, 3, 3, 3, 3, 3, 3, 
3, 3, 3, 3, 3, 3, 3, 3, 3, 3, 3, 3, 3, 3, 3, 3, 
3, 3, 3, 11, 13, 13, 13, 13, 12, 3, 3, 3, 3, 3, 11, 13, 
13, 12, 3, 3, 3, 3, 3, 3, 3, 3, 3, 3, 3, 3, 3, 3, 
3, 3, 3, 3, 3, 3, 3, 11, 13, 13, 13, 13, 13, 13, 13, 13, 
2, 2, 2, 13, 13, 13, 13, 13, 12, 3, 3, 3, 3, 3, 3, 3, 
3, 3, 3, 3,
3, 3, 3, 3, 3, 3, 3, 3, 3, 3, 3, 3, 3, 3, 3, 3, 
3, 3, 3, 11, 12, 3, 3, 3, 3, 3, 3, 3, 3, 3, 3, 3, 
3, 3, 11, 13, 13, 13, 13, 13, 13, 12, 3, 3, 3, 11, 13, 13, 
13, 13, 12, 3, 3, 3, 11, 12, 3, 3, 3, 3, 3, 3, 3, 3, 
3, 3, 3, 3, 3, 3, 11, 13, 13, 13, 13, 13, 13, 13, 13, 13, 
13, 13, 13, 13, 13, 13, 13, 13, 13, 12, 3, 3, 3, 3, 3, 3, 
3, 3, 3, 3,
3, 3, 3, 3, 11, 12, 3, 3, 3, 3, 3, 9, 3, 3, 2, 3, 
3, 3, 11, 13, 13, 12, 3, 3, 3, 3, 3, 3, 3, 3, 3, 3, 
3, 11, 13, 13, 13, 13, 13, 13, 13, 13, 12, 3, 11, 13, 14, 13, 
13, 14, 13, 12, 3, 11, 13, 13, 12, 3, 3, 3, 3, 3, 3, 3, 
8, 3, 3, 3, 3, 11, 13, 13, 13, 13, 13, 13, 13, 13, 13, 13, 
13, 13, 13, 13, 13, 13, 13, 13, 13, 13, 12, 3, 3, 3, 3, 3, 
3, 3, 3, 3,
3, 3, 3, 11, 13, 13, 12, 3, 3, 3, 3, 3, 2, 2, 2, 2, 
2, 11, 13, 13, 13, 13, 12, 3, 3, 3, 3, 3, 3, 3, 3, 3, 
11, 13, 13, 13, 13, 13, 13, 13, 13, 13, 13, 15, 13, 13, 13, 13, 
13, 13, 13, 13, 15, 13, 13, 13, 13, 12, 3, 3, 3, 2, 2, 2, 
3, 3, 3, 3, 11, 13, 13, 13, 13, 13, 13, 2, 2, 2, 2, 13, 
13, 13, 13, 13, 13, 13, 13, 13, 13, 13, 13, 12, 3, 3, 3, 3, 
3, 3, 3, 3,
3, 3, 11, 13, 13, 13, 13, 12, 3, 3, 3, 3, 3, 3, 3, 3, 
11, 13, 13, 13, 13, 13, 13, 12, 3, 3, 3, 3, 3, 3, 3, 11, 
13, 13, 13, 13, 13, 13, 13, 13, 13, 13, 13, 13, 13, 13, 13, 13, 
13, 13, 13, 13, 13, 13, 13, 13, 13, 13, 12, 3, 3, 3, 3, 3, 
3, 3, 3, 11, 13, 13, 13, 13, 13, 13, 13, 13, 13, 13, 13, 13, 
13, 13, 13, 13, 13, 13, 13, 13, 13, 13, 13, 13, 12, 3, 3, 3, 
3, 3, 3, 3,
3, 11, 13, 13, 13, 13, 13, 13, 12, 3, 3, 3, 3, 3, 3, 11, 
13, 13, 13, 13, 13, 13, 13, 13, 12, 3, 3, 3, 3, 3, 11, 13, 
13, 13, 13, 13, 13, 13, 13, 13, 13, 13, 13, 13, 13, 13, 13, 13, 
13, 13, 13, 13, 13, 13, 13, 13, 13, 13, 13, 12, 3, 3, 3, 3, 
3, 3, 11, 13, 13, 13, 13, 13, 13, 13, 13, 13, 13, 13, 13, 13, 
13, 13, 13, 13, 13, 13, 13, 13, 13, 13, 13, 13, 13, 12, 3, 3, 
3, 3, 3, 3,
11, 13, 13, 13, 13, 13, 13, 13, 13, 12, 3, 3, 3, 3, 11, 13, 
13, 13, 13, 13, 13, 13, 13, 13, 13, 12, 3, 3, 3, 11, 13, 13, 
13, 13, 13, 13, 13, 13, 13, 13, 13, 13, 13, 13, 13, 13, 13, 13, 
13, 13, 13, 13, 13, 13, 13, 13, 13, 13, 13, 13, 12, 3, 3, 3, 
3, 11, 13, 13, 13, 13, 13, 13, 13, 13, 13, 13, 13, 13, 13, 13, 
13, 13, 13, 13, 13, 13, 13, 13, 13, 13, 13, 13, 13, 13, 12, 3, 
3, 3, 3, 3,
1, 1, 1, 1, 1, 1, 1, 1, 1, 1, 1, 1, 1, 1, 1, 1, 
1, 1, 1, 1, 1, 1, 1, 1, 1, 1, 1, 1, 1, 1, 1, 1, 
1, 1, 1, 1, 1, 1, 1, 1, 1, 1, 1, 1, 1, 1, 1, 1, 
1, 1, 1, 1, 1, 1, 1, 1, 1, 1, 1, 1, 1, 1, 1, 1, 
1, 1, 1, 1, 1, 1, 1, 1, 1, 1, 1, 1, 1, 1, 1, 1, 
1, 1, 1, 1, 1, 1, 1, 1, 1, 1, 1, 1, 1, 1, 1, 1, 
1, 1, 1, 1,
1, 1, 1, 1, 1, 1, 1, 1, 1, 1, 1, 1, 1, 1, 1, 1, 
1, 1, 1, 1, 1, 1, 1, 1, 1, 1, 1, 1, 1, 1, 1, 1, 
1, 1, 1, 1, 1, 1, 1, 1, 1, 1, 1, 1, 1, 1, 1, 1, 
1, 1, 1, 1, 1, 1, 1, 1, 1, 1, 1, 1, 1, 1, 1, 1, 
1, 1, 1, 1, 1, 1, 1, 1, 1, 1, 1, 1, 1, 1, 1, 1, 
1, 1, 1, 1, 1, 1, 1, 1, 1, 1, 1, 1, 1, 1, 1, 1, 
1, 1, 1, 1,
1, 1, 1, 1, 1, 1, 1, 1, 1, 1, 1, 1, 1, 1, 1, 1, 
1, 1, 1, 1, 1, 1, 1, 1, 1, 1, 1, 1, 1, 1, 1, 1, 
1, 1, 1, 1, 1, 1, 1, 1, 1, 1, 1, 1, 1, 1, 1, 1, 
1, 1, 1, 1, 1, 1, 1, 1, 1, 1, 1, 1, 1, 1, 1, 1, 
1, 1, 1, 1, 1, 1, 1, 1, 1, 1, 1, 1, 1, 1, 1, 1, 
1, 1, 1, 1, 1, 1, 1, 1, 1, 1, 1, 1, 1, 1, 1, 1, 
1, 1, 1, 1
};

